1214514
1231153
1247409
1247411
1280049
1247152
1214513
1247408
1247410
1263538
1280176
1280050
1231026
1280306
1231025
1230768
1247025
1263537
1231155
1230641
1263665
1279795
1263666
1230898
1214512
1231151
1231152
1247024
1263536
1263667
1247537
1263411
1214897
1263664
1231024
1279796
1214641
1263792
1247282
1247281
1247026
1231027
1247151
1279921
1263921
1247153
1263412
1263409
1280048
1247280
1247535
1263795
1279920
1279665
1214770
1279922
1230897
1296434
1263794
1231283
1263923
1280178
1247539
1231281
1312561
1230896
1231282
1296178
1280051
1247538
1296306
1312691
1214898
1214511
1296561
1214639
1214769
1230895
1230769
1247027
1296176
1312562
1247536
1247283
1214767
1280052
1231023
1214385
1280179
1296432
1247154
1263539
1263919
1231154
1263663
1296180
1231409
1230770
1296560
1279923
1247666
1279792
1230642
1230899
1264048
1279667
1312563
1214768
1247279
1263540
1214640
1246897
1296309
1263922
1230640
1280175
1263410
1247155
1263924
1263408
1263283
1312818
1247407
1312689
1312817
1214386
1230767
1264177
1214642
1296177
1263280
1296304
1280303
1279794
1247664
1280307
1263281
1231411
1296562
1263791
1264049
1280305
1312565
1263282
1215025
1231410
1247663
1247540
1280047
1296436
1280053
1263668
1215026
1247023
1296433
1312436
1280180
1280177
1296307
1296435
1263535
1215024
1247665
1231280
1280309
1230771
1264051
1231408
1280304
1296179
1296563
1247668
1230639
1328949
1328821
1329074
1328822
1279668
1296305
1279919
1247792
1214895
1312435
1263407
1312437
1328948
1247278
1296688
1296052
1279664
1279924
1280435
1296564
1328947
1312945
1280181
1296308
1312694
1231022
1231150
1231412
1215154
1280308
1328820
1214384
1312690
1264052
1214896
1312816
1263793
1279793
1279666
1296181
1246896
1280432
1312692
1296438
1296051
1263796
1230512
1214510
1312566
1230513
1214256
1264050
1247667
1312693
1230766
1247412
1198769
1312688
1230643
1230894
1296437
1279538
1312564
1215155
1231279
